local Config = {
    WindowName = "do not know HUB -- [ King Legacy ]",
    Color = Color3.fromRGB(0,183,255),
    Keybind = Enum.KeyCode.RightControl
}

local Library = loadstring(game:HttpGet("https://raw.githubusercontent.com/AlexR32/Roblox/main/BracketV3.lua"))()
local Window = Library:CreateWindow(Config, game:GetService("CoreGui"))

local Tab1 = Window:CreateTab("Auto Farm")
local Section1 = Tab1:CreateSection("Main")

local Auto Farm = Section1:CreateToggle("Auto Farm", nil, function(State)
    print(State)
end)


local Section1 = Tab1:CreateSection("Main")



local Section1 = Tab1:CreateSection("Main")



local Auto Farm = Section1:CreateToggle("Sk", nil, function(State)
    print(State)
end)

local Section1 = Tab1:CreateSection("Main")



local Section1 = Tab1:CreateSection("Main")



local Section1 = Tab1:CreateSection("Main")



local Section1 = Tab1:CreateSection("Main")


local Section1 = Tab1:CreateSection("Main")



local Section1 = Tab1:CreateSection("Main")

local Tab1 = Window:CreateTab("Teleport")
local Section1 = Tab1:CreateSection("Main")


local ButtonText = Section1:CreateButton("Button 1", function()
    game.Players.LocalPlayer.Character.HumanoidRootPart.CFrame = CFrame.new(2074.53589, 48.3013992, -1614.12878, -0.699666142, -6.71077416e-08, -0.714469969, -3.49310203e-09, 1, -9.05058855e-08, 0.714469969, -6.08281852e-08, -0.699666142)
end)

local ButtonText = Section1:CreateButton("Zombie lsland", function()
    game.Players.LocalPlayer.Character.HumanoidRootPart.CFrame = CFrame.new(1259.00171, 16.1971569, 7333.00537, 0.876517415, -0, -0.481370181, 0, 1, -0, 0.481370181, 0, 0.876517415)
end)

local Button1 = Section1:CreateButton("Stone Rain Sea", function()
    game.Players.LocalPlayer.Character.HumanoidRootPart.CFrame = CFrame.new(6437.32471, 122.380501, -1796.26538, 0.901452363, -0, -0.432878405, 0, 1, -0, 0.432878405, 0, 0.901452363)
end)

local Button1 = Section1:CreateButton("Soldier Town", function()
    game.Players.LocalPlayer.Character.HumanoidRootPart.CFrame = CFrame.new(1723.13171, 227.889496, 397.766907, -0.269931346, -2.35247395e-08, 0.962879598, 7.44330677e-08, 1, 4.52980373e-08, -0.962879598, 8.38974401e-08, -0.269931346)
end)

local Button1 = Section1:CreateButton("Chef Ship", function()
    game.Players.LocalPlayer.Character.HumanoidRootPart.CFrame = CFrame.new(-100.259361, 75.9841156, -48.4858818, -2.14576721e-06, -0.956288934, -0.292423457, -1, 2.14576721e-06, 3.27825546e-07, 3.27825546e-07, 0.292423457, -0.956289053)
end)

local Button1 = Section1:CreateButton("Snow lsland", function()
    game.Players.LocalPlayer.Character.HumanoidRootPart.CFrame = CFrame.new(-1070.31006, 15.6198997, 1363.19995, -0.984812617, 0, -0.173621148, 0, 1, 0, 0.173621148, 0, -0.984812617)
end)

local Button1 = Section1:CreateButton("Desert lsland", function()
    game.Players.LocalPlayer.Character.HumanoidRootPart.CFrame = CFrame.new(1427.19641, 42.9848862, 2378.70215, 0.755562484, 1.05447944e-08, -0.655076563, -2.46067309e-08, 1, -1.22842572e-08, 0.655076563, 2.54008174e-08, 0.755562484)
end)

local Button1 = Section1:CreateButton("Skyland", function()
    game.Players.LocalPlayer.Character.HumanoidRootPart.CFrame = CFrame.new(-48.470459, 400.189117, 4549.78662, 0.702824354, -0, -0.711363494, 0, 1, -0, 0.711363494, 0, 0.702824354)
end)

local Button1 = Section1:CreateButton("Bubbleland", function()
    game.Players.LocalPlayer.Character.HumanoidRootPart.CFrame = CFrame.new(5795.21045, 249.597931, 3662.07056, 0.603327394, -4.58085431e-10, 0.797493637, 1.30897304e-09, 1, -4.15870227e-10, -0.797493637, 1.2948036e-09, 0.603327394)
end)

local Button1 = Section1:CreateButton("Lobby lsland", function()
    game.Players.LocalPlayer.Character.HumanoidRootPart.CFrame = CFrame.new(2994.62744, 102.891464, 5348.93506, 0.999192715, -2.64754245e-08, -0.0401730165, 2.65331952e-08, 1, 9.04865238e-10, 0.0401730165, -1.97005323e-09, 0.999192715)
end)

local Button1 = Section1:CreateButton("Warlsland", function()
    game.Players.LocalPlayer.Character.HumanoidRootPart.CFrame = CFrame.new(6688.44238, 383.106689, 953.854675, 0.00667907391, -6.6334036e-09, 0.999977708, -1.71862879e-08, 1, 6.74834233e-09, -0.999977708, -1.72309775e-08, 0.00667907391)
end)

local Button1 = Section1:CreateButton("Stone Arena", function()
    game.Players.LocalPlayer.Character.HumanoidRootPart.CFrame = CFrame.new(9727.18945, 51.4013405, -3990.41431, -0.370265245, 0.92892611, -2.34246254e-05, -2.34246254e-05, -3.4570694e-05, -1, -0.92892611, -0.370265245, 3.45110893e-05)
end)

local Button1 = Section1:CreateButton("Fishland", function()
    game.Players.LocalPlayer.Character.HumanoidRootPart.CFrame = CFrame.new(2366.46606, 321.825562, 9546.96094, 0.2191163, -2.91090938e-08, -0.975698769, -8.84157103e-08, 1, -4.96899446e-08, 0.975698769, 9.71549738e-08, 0.2191163)
end)

local Button1 = Section1:CreateButton("Shark lsland", function()
    game.Players.LocalPlayer.Character.HumanoidRootPart.CFrame = CFrame.new(3554.02856, 41.0360756, 1433.34143, 0.0034211874, 0.819141388, -0.573581457, -0.999991179, 0.00419211388, 2.22623348e-05, 0.00242272019, 0.573576331, 0.81914854)
end)

local Section1 = Tab1:CreateSection("NPC") 

local Button1 = Section1:CreateButton("Drago", function()
    game.Players.LocalPlayer.Character.HumanoidRootPart.CFrame = CFrame.new(2126.95996, 48.423748, -1517.71582, 0.789979517, 0, 0.613133252, 0, 1, 0, -0.613133252, 0, 0.789979517)
end)

local Button1 = Section1:CreateButton("Triple Katana", function()
    game.Players.LocalPlayer.Character.HumanoidRootPart.CFrame = CFrame.new(6227.82861, 26.9625893, -2124.25732, -1, 0, 0, 0, 1, 0, 0, 0, -1)
end)

local Button1 = Section1:CreateButton("Katana", function()
    game.Players.LocalPlayer.Character.HumanoidRootPart.CFrame = CFrame.new(2011.771, 48.232399, -1758.52686, 0.587982833, 1.02666e-08, -0.808873415, 2.6569797e-08, 1, 3.20064721e-08, 0.808873415, -4.03108587e-08, 0.587982833)
end)

local Button1 = Section1:CreateButton("Gacha", function()
    game.Players.LocalPlayer.Character.HumanoidRootPart.CFrame = CFrame.new(2027.3739, 48.232399, -1738.63025, 0.592673838, -2.56801087e-08, -0.805442572, 4.14258672e-08, 1, -1.40057432e-09, 0.805442572, -3.25360716e-08, 0.592673838)
end)
